=== LOG OPERAZIONI MATRICE ===

Matrice
0.8269 0.8579 0.0740 0.3479 0.8354
0.4738 0.4566 0.1327 0.7319 0.3688
0.6375 0.1819 0.7786 0.3595 0.5716
0.5005 0.9726 0.3970 0.4057 0.0505
0.5835 0.1296 0.1374 0.1941 0.7475

Sotto Matrice
0.4566 0.1327 0.7319
0.1819 0.7786 0.3595
0.9726 0.3970 0.4057

Trasposta
0.8269 0.4738 0.6375 0.5005 0.5835
0.8579 0.4566 0.1819 0.9726 0.1296
0.0740 0.1327 0.7786 0.3970 0.1374
0.3479 0.7319 0.3595 0.4057 0.1941
0.8354 0.3688 0.5716 0.0505 0.7475

Somma di tutti gli elementi della matrice: 11.753733519853556 

Nuova matrice
0.8525 0.3407 0.5050 0.8103 0.8731
0.6446 0.2185 0.3297 0.1584 0.0553
0.6440 0.6045 0.3982 0.3494 0.3071
0.1071 0.7141 0.8929 0.1955 0.2759
0.3086 0.8533 0.5153 0.4224 0.1441

Prodotto
0.7050 0.2923 0.0374 0.2819 0.7294
0.3054 0.0998 0.0438 0.1159 0.0204
0.4105 0.1100 0.3100 0.1256 0.1756
0.0536 0.6946 0.3545 0.0793 0.0139
0.1801 0.1106 0.0708 0.0820 0.1077

Media elementi matrice: 0.4701493407941422 

Determinante: 0.01784284789657925 

